1 1 1000000000.00
1 2 168.99
1 3 55.51
1 4 185.43
1 5 83.04
1 6 65.59
1 7 63.40
1 8 169.23
1 9 201.31
1 10 188.46
1 11 168.99
1 12 55.51
1 13 185.43
1 14 83.04
1 15 65.59
1 16 63.40
2 1 168.99
2 2 1000000000.00
2 3 49.78
2 4 166.27
2 5 74.46
2 6 58.82
2 7 56.85
2 8 151.75
2 9 180.52
2 10 168.99
2 11 151.54
2 12 49.78
2 13 166.27
2 14 74.46
2 15 58.82
2 16 56.85
3 1 55.51
3 2 49.78
3 3 1000000000.00
3 4 54.62
3 5 24.46
3 6 19.32
3 7 18.67
3 8 49.85
3 9 59.30
3 10 55.51
3 11 49.78
3 12 16.35
3 13 54.62
3 14 24.46
3 15 19.32
3 16 18.67
4 1 185.43
4 2 166.27
4 3 54.62
4 4 1000000000.00
4 5 81.70
4 6 64.54
4 7 62.38
4 8 166.51
4 9 198.07
4 10 185.43
4 11 166.27
4 12 54.62
4 13 182.44
4 14 81.70
4 15 64.54
4 16 62.38
5 1 83.04
5 2 74.46
5 3 24.46
5 4 81.70
5 5 1000000000.00
5 6 28.90
5 7 27.94
5 8 74.57
5 9 88.70
5 10 83.04
5 11 74.46
5 12 24.46
5 13 81.70
5 14 36.59
5 15 28.90
5 16 27.94
6 1 65.59
6 2 58.82
6 3 19.32
6 4 64.54
6 5 28.90
6 6 1000000000.00
6 7 22.07
6 8 58.90
6 9 70.07
6 10 65.59
6 11 58.82
6 12 19.32
6 13 64.54
6 14 28.90
6 15 22.83
6 16 22.07
7 1 63.40
7 2 56.85
7 3 18.67
7 4 62.38
7 5 27.94
7 6 22.07
7 7 1000000000.00
7 8 56.93
7 9 67.73
7 10 63.40
7 11 56.85
7 12 18.67
7 13 62.38
7 14 27.94
7 15 22.07
7 16 21.33
8 1 169.23
8 2 151.75
8 3 49.85
8 4 166.51
8 5 74.57
8 6 58.90
8 7 56.93
8 8 1000000000.00
8 9 180.78
8 10 169.23
8 11 151.75
8 12 49.85
8 13 166.51
8 14 74.57
8 15 58.90
8 16 56.93
9 1 201.31
9 2 180.52
9 3 59.30
9 4 198.07
9 5 88.70
9 6 70.07
9 7 67.73
9 8 180.78
9 9 1000000000.00
9 10 201.31
9 11 180.52
9 12 59.30
9 13 198.07
9 14 88.70
9 15 70.07
9 16 67.73
10 1 188.46
10 2 168.99
10 3 55.51
10 4 185.43
10 5 83.04
10 6 65.59
10 7 63.40
10 8 169.23
10 9 201.31
10 10 1000000000.00
10 11 168.99
10 12 55.51
10 13 185.43
10 14 83.04
10 15 65.59
10 16 63.40
11 1 168.99
11 2 151.54
11 3 49.78
11 4 166.27
11 5 74.46
11 6 58.82
11 7 56.85
11 8 151.75
11 9 180.52
11 10 168.99
11 11 1000000000.00
11 12 49.78
11 13 166.27
11 14 74.46
11 15 58.82
11 16 56.85
12 1 55.51
12 2 49.78
12 3 16.35
12 4 54.62
12 5 24.46
12 6 19.32
12 7 18.67
12 8 49.85
12 9 59.30
12 10 55.51
12 11 49.78
12 12 1000000000.00
12 13 54.62
12 14 24.46
12 15 19.32
12 16 18.67
13 1 185.43
13 2 166.27
13 3 54.62
13 4 182.44
13 5 81.70
13 6 64.54
13 7 62.38
13 8 166.51
13 9 198.07
13 10 185.43
13 11 166.27
13 12 54.62
13 13 1000000000.00
13 14 81.70
13 15 64.54
13 16 62.38
14 1 83.04
14 2 74.46
14 3 24.46
14 4 81.70
14 5 36.59
14 6 28.90
14 7 27.94
14 8 74.57
14 9 88.70
14 10 83.04
14 11 74.46
14 12 24.46
14 13 81.70
14 14 1000000000.00
14 15 28.90
14 16 27.94
15 1 65.59
15 2 58.82
15 3 19.32
15 4 64.54
15 5 28.90
15 6 22.83
15 7 22.07
15 8 58.90
15 9 70.07
15 10 65.59
15 11 58.82
15 12 19.32
15 13 64.54
15 14 28.90
15 15 1000000000.00
15 16 22.07
16 1 63.40
16 2 56.85
16 3 18.67
16 4 62.38
16 5 27.94
16 6 22.07
16 7 21.33
16 8 56.93
16 9 67.73
16 10 63.40
16 11 56.85
16 12 18.67
16 13 62.38
16 14 27.94
16 15 22.07
16 16 1000000000.00
